Date,MyWay,Paper Ticket,Total
22-04-2019,4075,1418,5493
23-04-2019,8134,1018,9152
24-04-2019,9518,1147,10665
25-04-2019,4866,1313,6179
26-04-2019,9074,1143,10217
27-04-2019,7124,1320,8444
28-04-2019,6023,2243,8266
29-04-2019,14969,332,15301
30-04-2019,16549,274,16823
01-05-2019,17248,239,17487
02-05-2019,16647,245,16892
03-05-2019,16274,314,16588
04-05-2019,12025,632,12657
05-05-2019,8880,529,9409
06-05-2019,16885,216,17101
07-05-2019,17826,193,18019
08-05-2019,16945,183,17128
09-05-2019,17347,226,17573
10-05-2019,15971,263,16234
11-05-2019,10512,523,11035
12-05-2019,8062,427,8489
13-05-2019,16538,208,16746
14-05-2019,17948,219,18167
15-05-2019,18217,200,18417
16-05-2019,17802,216,18018
17-05-2019,18936,382,19318
18-05-2019,10870,598,11468
19-05-2019,8241,438,8679
20-05-2019,16980,185,17165
21-05-2019,17766,202,17968
22-05-2019,18252,238,18490
23-05-2019,18033,218,18251
24-05-2019,18805,339,19144
25-05-2019,11226,667,11893
26-05-2019,9361,478,9839
27-05-2019,5192,362,5554
28-05-2019,14916,251,15167
29-05-2019,14119,213,14332
30-05-2019,15170,271,15441
31-05-2019,15300,382,15682
01-06-2019,7349,602,7951
02-06-2019,5622,413,6035
03-06-2019,13762,307,14069
04-06-2019,14223,286,14509
05-06-2019,14168,302,14470
06-06-2019,14410,286,14696
07-06-2019,14990,414,15404
08-06-2019,6943,817,7760
09-06-2019,5430,744,6174
10-06-2019,4276,386,4662
11-06-2019,14596,304,14900
12-06-2019,14904,277,15181
13-06-2019,14135,340,14475
14-06-2019,15108,417,15525
15-06-2019,6958,579,7537
16-06-2019,4891,436,5327
17-06-2019,14546,315,14861
18-06-2019,14820,342,15162
19-06-2019,14806,350,15156
20-06-2019,14790,348,15138
21-06-2019,14902,488,15390
22-06-2019,6990,620,7610
23-06-2019,4784,374,5158
24-06-2019,13562,298,13860
25-06-2019,13943,408,14351
26-06-2019,14333,300,14633
27-06-2019,13325,413,13738
28-06-2019,13319,455,13774
29-06-2019,7118,715,7833
30-06-2019,5195,465,5660
01-07-2019,12931,344,13275
02-07-2019,13822,402,14224
03-07-2019,13670,450,14120
04-07-2019,13675,342,14017
05-07-2019,13189,565,13754
06-07-2019,6682,772,7454
07-07-2019,4891,480,5371
08-07-2019,11943,493,12436
09-07-2019,13224,579,13803
10-07-2019,12690,600,13290
11-07-2019,12011,466,12477
12-07-2019,11580,587,12167
13-07-2019,5853,610,6463
14-07-2019,4012,404,4416
15-07-2019,12099,644,12743
16-07-2019,13003,733,13736
17-07-2019,13145,708,13853
18-07-2019,13433,757,14190
19-07-2019,13545,815,14360
20-07-2019,7305,840,8145
21-07-2019,5533,501,6034
22-07-2019,14910,384,15294
23-07-2019,15715,351,16066
24-07-2019,15491,389,15880
25-07-2019,15639,426,16065
26-07-2019,15438,504,15942
27-07-2019,7284,732,8016
28-07-2019,5207,373,5580
29-07-2019,14807,328,15135
30-07-2019,16123,321,16444
31-07-2019,15796,479,16275
01-08-2019,16051,401,16452
02-08-2019,15888,503,16391
03-08-2019,7891,771,8662
04-08-2019,5328,430,5758
05-08-2019,15164,374,15538
06-08-2019,15916,370,16286
07-08-2019,15475,402,15877
08-08-2019,14768,398,15166
09-08-2019,13468,409,13877
10-08-2019,6174,543,6717
11-08-2019,4592,318,4910
12-08-2019,14560,341,14901
13-08-2019,15798,373,16171
14-08-2019,15327,398,15725
15-08-2019,15735,375,16110
16-08-2019,15793,501,16294
17-08-2019,7278,723,8001
18-08-2019,5051,379,5430
19-08-2019,14621,313,14934
20-08-2019,15638,342,15980
21-08-2019,15521,387,15908
22-08-2019,15842,412,16254
23-08-2019,15762,572,16334
24-08-2019,7199,686,7885
25-08-2019,5109,419,5528
26-08-2019,14859,404,15263
27-08-2019,15461,343,15804
28-08-2019,15466,421,15887
29-08-2019,15551,435,15986
30-08-2019,15519,568,16087
31-08-2019,7728,647,8375
01-09-2019,5390,452,5842
02-09-2019,14183,432,14615
03-09-2019,14524,366,14890
04-09-2019,14547,347,14894
05-09-2019,14709,415,15124
06-09-2019,14102,505,14607
07-09-2019,7046,724,7770
08-09-2019,5585,411,5996
09-09-2019,14016,367,14383
10-09-2019,14826,460,15286
11-09-2019,14958,395,15353
12-09-2019,14914,377,15291
13-09-2019,16157,660,16817
14-09-2019,8221,920,9141
15-09-2019,5794,522,6316
16-09-2019,14900,467,15367
17-09-2019,14955,407,15362
18-09-2019,16044,469,16513
19-09-2019,15997,573,16570
20-09-2019,17758,882,18640
21-09-2019,6320,669,6989
22-09-2019,6029,504,6533
23-09-2019,15079,389,15468
24-09-2019,16172,532,16704
25-09-2019,16324,496,16820
26-09-2019,15266,546,15812
27-09-2019,16388,835,17223
28-09-2019,7794,961,8755
29-09-2019,5934,595,6529
30-09-2019,14353,677,15030
01-10-2019,15265,801,16066
02-10-2019,15303,774,16077
03-10-2019,15218,915,16133
04-10-2019,14342,965,15307
05-10-2019,7397,1002,8399
06-10-2019,5884,812,6696
07-10-2019,5570,621,6191
08-10-2019,13234,604,13838
09-10-2019,14697,783,15480
10-10-2019,14668,733,15401
11-10-2019,14476,857,15333
12-10-2019,7271,782,8053
13-10-2019,5693,429,6122
14-10-2019,15070,470,15540
15-10-2019,16080,526,16606
16-10-2019,15737,480,16217
17-10-2019,15606,502,16108
18-10-2019,15843,585,16428
19-10-2019,6829,615,7444
20-10-2019,5586,415,6001
21-10-2019,15095,407,15502
22-10-2019,15825,405,16230
23-10-2019,16042,453,16495
24-10-2019,15947,458,16405
25-10-2019,15607,598,16205
26-10-2019,7475,823,8298
27-10-2019,5737,469,6206
28-10-2019,14856,384,15240
29-10-2019,15511,416,15927
30-10-2019,15031,433,15464
31-10-2019,15577,507,16084
01-11-2019,15975,590,16565
02-11-2019,7281,682,7963
03-11-2019,4356,324,4680
04-11-2019,14921,407,15328
05-11-2019,15673,527,16200
06-11-2019,15600,453,16053
07-11-2019,15353,440,15793
08-11-2019,14956,530,15486
09-11-2019,7242,762,8004
10-11-2019,5292,385,5677
11-11-2019,14645,519,15164
12-11-2019,15296,558,15854
13-11-2019,15468,470,15938
14-11-2019,15643,442,16085
15-11-2019,15656,627,16283
16-11-2019,7477,850,8327
17-11-2019,5167,447,5614
18-11-2019,14633,418,15051
19-11-2019,15138,474,15612
20-11-2019,14863,502,15365
21-11-2019,14267,495,14762
22-11-2019,14962,867,15829
23-11-2019,7310,2296,9606
24-11-2019,4911,439,5350
25-11-2019,14302,481,14783
26-11-2019,14560,450,15010
27-11-2019,14857,468,15325
28-11-2019,15181,521,15702
29-11-2019,15425,822,16247
30-11-2019,6660,735,7395
01-12-2019,5058,369,5427
02-12-2019,13700,533,14233
03-12-2019,14794,493,15287
04-12-2019,14856,542,15398
05-12-2019,14704,535,15239
06-12-2019,15370,828,16198
07-12-2019,8033,975,9008
08-12-2019,5530,479,6009
09-12-2019,13957,498,14455
10-12-2019,14321,510,14831
11-12-2019,14725,555,15280
12-12-2019,14617,603,15220
13-12-2019,15085,960,16045
14-12-2019,7006,759,7765
15-12-2019,5087,426,5513
16-12-2019,13333,469,13802
17-12-2019,13619,501,14120
18-12-2019,13573,525,14098
19-12-2019,12952,621,13573
20-12-2019,12091,718,12809
21-12-2019,5509,566,6075
22-12-2019,4479,455,4934
23-12-2019,9200,536,9736
24-12-2019,7199,501,7700
26-12-2019,5291,717,6008
27-12-2019,5626,648,6274
28-12-2019,4566,594,5160
29-12-2019,3981,446,4427
30-12-2019,5182,457,5639
31-12-2019,5529,743,6272
01-01-2020,2402,391,2793
02-01-2020,7063,985,8048
03-01-2020,7607,1873,9480
04-01-2020,4079,1709,5788
05-01-2020,2267,445,2712
06-01-2020,8602,426,9028
07-01-2020,9859,432,10291
08-01-2020,10620,411,11031
09-01-2020,10645,469,11114
10-01-2020,11025,649,11674
11-01-2020,5285,546,5831
12-01-2020,3828,295,4123
13-01-2020,11606,427,12033
14-01-2020,12320,522,12842
15-01-2020,11850,528,12378
16-01-2020,11701,522,12223
17-01-2020,12523,704,13227
18-01-2020,5686,613,6299
19-01-2020,4526,397,4923
20-01-2020,11884,488,12372
21-01-2020,13456,585,14041
22-01-2020,13104,577,13681
23-01-2020,12484,530,13014
24-01-2020,12793,741,13534
25-01-2020,5853,832,6685
26-01-2020,4588,636,5224
27-01-2020,3875,343,4218
28-01-2020,12400,459,12859
29-01-2020,12828,458,13286
30-01-2020,13252,650,13902
31-01-2020,12024,584,12608
01-02-2020,5121,479,5600
02-02-2020,4415,319,4734
03-02-2020,13768,548,14316
04-02-2020,14974,488,15462
05-02-2020,15341,533,15874
06-02-2020,15314,441,15755
07-02-2020,15543,602,16145
08-02-2020,6652,632,7284
09-02-2020,4152,291,4443
10-02-2020,13970,448,14418
11-02-2020,15675,476,16151
12-02-2020,15654,479,16133
13-02-2020,15087,498,15585
14-02-2020,15955,764,16719
15-02-2020,6349,624,6973
16-02-2020,4927,365,5292
17-02-2020,15460,484,15944
18-02-2020,16291,583,16874
19-02-2020,16170,573,16743
20-02-2020,16120,573,16693
21-02-2020,17328,1156,18484
22-02-2020,14457,2491,16948
23-02-2020,7023,762,7785
24-02-2020,15663,476,16139
25-02-2020,16772,495,17267
26-02-2020,16641,538,17179
27-02-2020,16650,582,17232
28-02-2020,17859,923,18782
29-02-2020,9750,1378,11128
01-03-2020,6597,582,7179
02-03-2020,15837,467,16304
03-03-2020,16560,580,17140
04-03-2020,14475,395,14870
05-03-2020,14548,479,15027
06-03-2020,15675,624,16299
07-03-2020,6889,786,7675
08-03-2020,5381,574,5955
09-03-2020,5120,404,5524
10-03-2020,15904,458,16362
11-03-2020,15735,540,16275
12-03-2020,15665,491,16156
13-03-2020,14936,632,15568
14-03-2020,5521,585,6106
15-03-2020,4173,266,4439
16-03-2020,12624,300,12924
17-03-2020,12198,301,12499
18-03-2020,11201,285,11486
19-03-2020,10379,313,10692
20-03-2020,10214,320,10534
21-03-2020,3957,277,4234
22-03-2020,2824,131,2955
23-03-2020,6507,128,6635
24-03-2020,4700,110,4810
25-03-2020,3771,90,3861
26-03-2020,3395,79,3474
27-03-2020,3210,86,3296
28-03-2020,1444,51,1495
29-03-2020,1172,65,1237
30-03-2020,2512,56,2568
31-03-2020,2429,60,2489
01-04-2020,2373,78,2451
02-04-2020,1957,65,2022
03-04-2020,2264,77,2341
04-04-2020,1162,65,1227
05-04-2020,1017,41,1058
06-04-2020,2284,63,2347
07-04-2020,2141,74,2215
08-04-2020,2173,67,2240
09-04-2020,2193,68,2261
10-04-2020,685,28,713
11-04-2020,1088,33,1121
12-04-2020,931,42,973
13-04-2020,921,44,965
14-04-2020,2220,60,2280
15-04-2020,2204,80,2284
16-04-2020,2243,58,2301
17-04-2020,2305,74,2379
18-04-2020,1303,61,1364
19-04-2020,1075,38,1113
20-04-2020,2313,75,2388
21-04-2020,2256,83,2339
22-04-2020,2457,81,2538
23-04-2020,2483,88,2571
24-04-2020,2585,89,2674
25-04-2020,1274,55,1329
26-04-2020,1088,43,1131
27-04-2020,1222,39,1261
28-04-2020,2660,80,2740
29-04-2020,2190,56,2246
30-04-2020,2361,79,2440
01-05-2020,2393,82,2475
02-05-2020,1510,59,1569
03-05-2020,1412,65,1477
04-05-2020,2798,75,2873
05-05-2020,2719,88,2807
06-05-2020,2938,86,3024
07-05-2020,3018,89,3107
08-05-2020,3223,116,3339
09-05-2020,1762,98,1860
10-05-2020,1565,70,1635
11-05-2020,3000,113,3113
12-05-2020,3178,107,3285
13-05-2020,3166,98,3264
14-05-2020,3316,108,3424
15-05-2020,3649,117,3766
16-05-2020,2297,99,2396
17-05-2020,1894,107,2001
18-05-2020,3775,107,3882
19-05-2020,4216,123,4339
20-05-2020,3950,114,4064
21-05-2020,4259,104,4363
22-05-2020,4236,122,4358
23-05-2020,2232,137,2369
24-05-2020,2150,110,2260
25-05-2020,4802,146,4948
26-05-2020,5083,132,5215
27-05-2020,5072,130,5202
28-05-2020,4984,127,5111
29-05-2020,5425,158,5583
30-05-2020,3099,200,3299
31-05-2020,2350,150,2500
01-06-2020,2075,106,2181
02-06-2020,5857,153,6010
03-06-2020,6002,159,6161
04-06-2020,6044,192,6236
05-06-2020,6548,229,6777
06-06-2020,3288,279,3567
07-06-2020,2492,181,2673
08-06-2020,2440,172,2612
09-06-2020,6186,194,6380
10-06-2020,6257,169,6426
11-06-2020,6302,204,6506
12-06-2020,6632,263,6895
13-06-2020,3480,248,3728
14-06-2020,2589,135,2724
15-06-2020,6282,198,6480
16-06-2020,6556,175,6731
17-06-2020,6621,218,6839
18-06-2020,6896,222,7118
19-06-2020,7581,296,7877
20-06-2020,3538,343,3881
21-06-2020,2733,161,2894
22-06-2020,6575,209,6784
23-06-2020,6835,229,7064
24-06-2020,7293,274,7567
25-06-2020,7511,226,7737
26-06-2020,7688,341,8029
27-06-2020,4253,331,4584
28-06-2020,3330,180,3510
29-06-2020,6706,236,6942
30-06-2020,7195,230,7425
01-07-2020,7551,239,7790
02-07-2020,7134,264,7398
03-07-2020,7728,373,8101
04-07-2020,4139,315,4454
05-07-2020,3200,222,3422
06-07-2020,6400,279,6679
07-07-2020,6691,296,6987
08-07-2020,6626,278,6904
09-07-2020,6402,338,6740
10-07-2020,6547,367,6914
11-07-2020,3389,331,3720
12-07-2020,2736,207,2943
13-07-2020,5705,234,5939
14-07-2020,6516,288,6804
15-07-2020,6679,282,6961
16-07-2020,6503,297,6800
17-07-2020,6715,422,7137
18-07-2020,4110,340,4450
19-07-2020,2984,188,3172
20-07-2020,7445,214,7659
21-07-2020,7497,239,7736
22-07-2020,7273,211,7484
23-07-2020,7435,203,7638
24-07-2020,7975,309,8284
25-07-2020,4311,343,4654
26-07-2020,2357,108,2465
27-07-2020,6407,161,6568
28-07-2020,7684,186,7870
29-07-2020,7921,230,8151
30-07-2020,7857,204,8061
31-07-2020,8250,361,8611
01-08-2020,4268,288,4556
02-08-2020,3004,160,3164
03-08-2020,7210,162,7372
04-08-2020,7483,215,7698
05-08-2020,7440,181,7621
06-08-2020,7753,212,7965
07-08-2020,6707,209,6916
08-08-2020,3047,180,3227
09-08-2020,2346,116,2462
10-08-2020,7454,193,7647
11-08-2020,7592,187,7779
12-08-2020,7436,173,7609
13-08-2020,7746,212,7958
14-08-2020,8092,301,8393
15-08-2020,3810,258,4068
16-08-2020,3112,188,3300
17-08-2020,7409,175,7584
18-08-2020,7757,175,7932
19-08-2020,6798,162,6960
20-08-2020,7625,240,7865
21-08-2020,7237,221,7458
22-08-2020,3351,231,3582
23-08-2020,2893,140,3033
24-08-2020,7516,196,7712
25-08-2020,7952,185,8137
26-08-2020,7819,181,8000
27-08-2020,8099,215,8314
28-08-2020,8572,278,8850
29-08-2020,4342,393,4735
30-08-2020,3207,162,3369
31-08-2020,7540,220,7760
01-09-2020,7984,227,8211
02-09-2020,8075,229,8304
03-09-2020,7884,203,8087
04-09-2020,8550,301,8851
05-09-2020,4485,298,4783
06-09-2020,3245,155,3400
07-09-2020,7605,190,7795
08-09-2020,8124,243,8367
09-09-2020,7862,200,8062
10-09-2020,8287,245,8532
11-09-2020,8690,323,9013
12-09-2020,4242,344,4586
13-09-2020,2992,142,3134
14-09-2020,8156,203,8359
15-09-2020,8387,213,8600
16-09-2020,8544,218,8762
17-09-2020,8409,191,8600
18-09-2020,8642,295,8937
19-09-2020,4575,373,4948
20-09-2020,2766,172,2938
21-09-2020,7771,205,7976
22-09-2020,8388,231,8619
23-09-2020,8256,198,8454
24-09-2020,8512,222,8734
25-09-2020,7340,269,7609
26-09-2020,4306,360,4666
27-09-2020,3240,198,3438
28-09-2020,7441,382,7823
29-09-2020,8010,355,8365
30-09-2020,7391,254,7645
01-10-2020,7938,342,8280
02-10-2020,7982,439,8421
03-10-2020,4358,490,4848
04-10-2020,3514,412,3926
05-10-2020,3343,270,3613
06-10-2020,6911,309,7220
07-10-2020,7155,382,7537
08-10-2020,7138,335,7473
09-10-2020,7885,424,8309
10-10-2020,4713,403,5116
11-10-2020,3374,189,3563
12-10-2020,8354,275,8629
13-10-2020,8837,247,9084
14-10-2020,8916,283,9199
15-10-2020,9054,276,9330
16-10-2020,9062,329,9391
17-10-2020,4438,372,4810
18-10-2020,3407,239,3646
19-10-2020,8479,207,8686
20-10-2020,9028,230,9258
21-10-2020,9079,274,9353
22-10-2020,9190,254,9444
23-10-2020,8154,351,8505
24-10-2020,3614,306,3920
25-10-2020,2834,209,3043
26-10-2020,7181,161,7342
27-10-2020,8435,184,8619
28-10-2020,9025,256,9281
29-10-2020,8946,210,9156
30-10-2020,7937,357,8294
31-10-2020,2843,326,3169
01-11-2020,3068,191,3259
02-11-2020,7526,237,7763
03-11-2020,9157,257,9414
04-11-2020,8673,220,8893
05-11-2020,8071,188,8259
06-11-2020,9353,354,9707
07-11-2020,4611,357,4968
08-11-2020,3406,200,3606
09-11-2020,8880,286,9166
10-11-2020,9706,302,10008
11-11-2020,9784,292,10076
12-11-2020,9118,238,9356
13-11-2020,9572,372,9944
14-11-2020,5408,490,5898
15-11-2020,3675,291,3966
16-11-2020,8911,304,9215
17-11-2020,10092,310,10402
18-11-2020,10300,335,10635
19-11-2020,10166,338,10504
20-11-2020,10472,494,10966
21-11-2020,5450,505,5955
22-11-2020,3598,229,3827
23-11-2020,8955,241,9196
24-11-2020,10240,311,10551
25-11-2020,10306,315,10621
26-11-2020,10394,341,10735
27-11-2020,11285,545,11830
28-11-2020,5103,533,5636
29-11-2020,3903,291,4194
30-11-2020,9779,307,10086
01-12-2020,10243,299,10542
02-12-2020,10634,368,11002
03-12-2020,10554,417,10971
04-12-2020,11226,578,11804
05-12-2020,4940,437,5377
06-12-2020,3836,218,4054
07-12-2020,9893,345,10238
08-12-2020,10867,369,11236
09-12-2020,10692,375,11067
10-12-2020,10815,360,11175
11-12-2020,10925,666,11591
12-12-2020,5682,608,6290
13-12-2020,4176,309,4485
14-12-2020,10208,395,10603
15-12-2020,10478,365,10843
16-12-2020,10250,395,10645
17-12-2020,10593,434,11027
18-12-2020,10468,547,11015
19-12-2020,5314,426,5740
20-12-2020,4051,322,4373
21-12-2020,8081,374,8455
22-12-2020,8228,402,8630
23-12-2020,7794,432,8226
24-12-2020,6272,315,6587
25-12-2020,512,10,522
26-12-2020,4187,363,4550
27-12-2020,3471,249,3720
28-12-2020,3584,320,3904
29-12-2020,4811,361,5172
30-12-2020,4872,386,5258
31-12-2020,5471,728,6199
01-01-2021,2784,283,3067
02-01-2021,3988,354,4342
03-01-2021,2855,194,3049
04-01-2021,6679,312,6991
05-01-2021,7590,384,7974
06-01-2021,7363,310,7673
07-01-2021,7670,307,7977
08-01-2021,7926,427,8353
09-01-2021,4647,391,5038
10-01-2021,2498,143,2641
11-01-2021,6153,167,6320
12-01-2021,6220,254,6474
13-01-2021,6304,219,6523
14-01-2021,6344,226,6570
15-01-2021,6627,304,6931
16-01-2021,3172,222,3394
17-01-2021,2255,142,2397
18-01-2021,6403,191,6594
19-01-2021,7029,219,7248
20-01-2021,6952,233,7185
21-01-2021,6804,246,7050
22-01-2021,6780,268,7048
23-01-2021,2988,229,3217
24-01-2021,3097,212,3309
25-01-2021,6921,283,7204
26-01-2021,3356,187,3543
27-01-2021,8927,323,9250
28-01-2021,8744,301,9045
29-01-2021,8256,342,8598
30-01-2021,4874,454,5328
31-01-2021,3852,254,4106
01-02-2021,9402,339,9741
02-02-2021,10872,326,11198
03-02-2021,11374,292,11666
04-02-2021,11279,311,11590
05-02-2021,11334,437,11771
06-02-2021,4655,451,5106
07-02-2021,4210,336,4546
08-02-2021,11054,325,11379
09-02-2021,11508,318,11826
10-02-2021,11779,360,12139
11-02-2021,11528,386,11914
12-02-2021,10822,417,11239
13-02-2021,5459,475,5934
14-02-2021,4197,356,4553
15-02-2021,11080,358,11438
16-02-2021,11213,364,11577
17-02-2021,11762,388,12150
18-02-2021,11436,359,11795
19-02-2021,11576,513,12089
20-02-2021,5513,468,5981
21-02-2021,3849,226,4075
22-02-2021,11172,322,11494
23-02-2021,11877,334,12211
24-02-2021,11948,331,12279
25-02-2021,11722,376,12098
26-02-2021,11997,530,12527
27-02-2021,5731,589,6320
28-02-2021,3975,308,4283
01-03-2021,11412,318,11730
02-03-2021,12140,379,12519
03-03-2021,12259,391,12650
04-03-2021,11742,365,12107
05-03-2021,11985,494,12479
06-03-2021,5469,655,6124
07-03-2021,4226,483,4709
08-03-2021,3678,256,3934
09-03-2021,11916,368,12284
10-03-2021,11726,342,12068
11-03-2021,11628,337,11965
12-03-2021,11822,496,12318
13-03-2021,3988,400,4388
14-03-2021,2050,114,2164
15-03-2021,11863,385,12248
16-03-2021,12071,346,12417
17-03-2021,12094,421,12515
18-03-2021,12120,373,12493
19-03-2021,12070,474,12544
20-03-2021,5010,418,5428
21-03-2021,3271,218,3489
22-03-2021,10371,264,10635
23-03-2021,10254,307,10561
24-03-2021,12200,341,12541
25-03-2021,12372,436,12808
26-03-2021,12650,579,13229
27-03-2021,6060,782,6842
28-03-2021,4157,315,4472
29-03-2021,11337,361,11698
30-03-2021,11965,349,12314
31-03-2021,12374,467,12841
01-04-2021,11349,503,11852
02-04-2021,2784,320,3104
03-04-2021,4726,628,5354
04-04-2021,3355,359,3714
05-04-2021,3611,338,3949
06-04-2021,10114,485,10599
07-04-2021,10548,527,11075
08-04-2021,10559,501,11060
09-04-2021,10735,737,11472
10-04-2021,5376,595,5971
11-04-2021,3915,354,4269
12-04-2021,10089,470,10559
13-04-2021,10687,554,11241
14-04-2021,10649,523,11172
15-04-2021,10953,586,11539
16-04-2021,10826,614,11440
17-04-2021,5438,591,6029
18-04-2021,3859,282,4141
19-04-2021,11215,389,11604
20-04-2021,12463,341,12804
21-04-2021,12296,377,12673
22-04-2021,12159,397,12556
23-04-2021,11967,458,12425
24-04-2021,5048,463,5511
25-04-2021,3684,417,4101
26-04-2021,3698,265,3963
27-04-2021,12291,412,12703
28-04-2021,12552,425,12977
29-04-2021,12578,421,12999
30-04-2021,12411,496,12907
01-05-2021,5637,522,6159
02-05-2021,3773,274,4047
03-05-2021,11227,329,11556
04-05-2021,10946,292,11238
05-05-2021,11748,313,12061
06-05-2021,12056,430,12486
07-05-2021,12196,480,12676
08-05-2021,5601,525,6126
09-05-2021,3991,293,4284
10-05-2021,11436,353,11789
11-05-2021,12062,370,12432
12-05-2021,12389,393,12782
13-05-2021,12167,473,12640
14-05-2021,12019,485,12504
15-05-2021,5239,497,5736
16-05-2021,3930,265,4195
17-05-2021,10769,344,11113
18-05-2021,12025,313,12338
19-05-2021,11950,334,12284
20-05-2021,12260,359,12619
21-05-2021,12305,545,12850
22-05-2021,5437,507,5944
23-05-2021,3891,300,4191
24-05-2021,11616,353,11969
25-05-2021,12133,362,12495
26-05-2021,12243,352,12595
27-05-2021,12471,380,12851
28-05-2021,12160,499,12659
29-05-2021,5286,496,5782
30-05-2021,4016,317,4333
31-05-2021,3698,221,3919
01-06-2021,11788,328,12116
02-06-2021,12149,352,12501
03-06-2021,10442,292,10734
04-06-2021,11829,447,12276
05-06-2021,5186,504,5690
06-06-2021,3844,252,4096
07-06-2021,11384,342,11726
08-06-2021,12099,311,12410
09-06-2021,11645,285,11930
10-06-2021,11611,302,11913
11-06-2021,11275,508,11783
12-06-2021,4982,511,5493
13-06-2021,4431,499,4930
14-06-2021,3655,278,3933
15-06-2021,11874,322,12196
16-06-2021,11378,298,11676
17-06-2021,11887,336,12223
18-06-2021,12188,425,12613
19-06-2021,5301,424,5725
20-06-2021,3877,244,4121
21-06-2021,11247,356,11603
22-06-2021,11819,358,12177
23-06-2021,11883,376,12259
24-06-2021,9977,241,10218
25-06-2021,11195,438,11633
26-06-2021,5348,470,5818
27-06-2021,3910,244,4154
28-06-2021,8207,330,8537
29-06-2021,9037,350,9387
30-06-2021,9275,328,9603
01-07-2021,9095,335,9430
02-07-2021,9506,434,9940
03-07-2021,4586,329,4915
04-07-2021,3435,205,3640
05-07-2021,9207,319,9526
06-07-2021,9437,277,9714
07-07-2021,9847,359,10206
08-07-2021,10096,388,10484
09-07-2021,9913,446,10359
10-07-2021,5183,460,5643
11-07-2021,3793,222,4015
12-07-2021,10537,297,10834
13-07-2021,11398,291,11689
14-07-2021,11131,279,11410
15-07-2021,11116,261,11377
16-07-2021,10334,303,10637
17-07-2021,4232,302,4534
18-07-2021,3686,165,3851
19-07-2021,10929,232,11161
20-07-2021,10884,258,11142
21-07-2021,11248,252,11500
22-07-2021,11495,255,11750
23-07-2021,10572,278,10850
24-07-2021,4447,311,4758
25-07-2021,3231,151,3382
26-07-2021,10901,240,11141
27-07-2021,11715,257,11972
28-07-2021,11004,219,11223
29-07-2021,11929,307,12236
30-07-2021,11517,367,11884
31-07-2021,5021,364,5385
01-08-2021,3310,188,3498
02-08-2021,11132,265,11397
03-08-2021,11428,261,11689
04-08-2021,11744,282,12026
05-08-2021,11714,276,11990
06-08-2021,12049,394,12443
07-08-2021,5177,365,5542
08-08-2021,3659,173,3832
09-08-2021,11282,246,11528
10-08-2021,12055,285,12340
11-08-2021,11928,268,12196
12-08-2021,9179,190,9369
13-08-2021,1682,43,1725
14-08-2021,937,25,962
15-08-2021,721,25,746
16-08-2021,1363,46,1409
17-08-2021,1369,34,1403
18-08-2021,1151,23,1174
19-08-2021,1134,29,1163
20-08-2021,1073,28,1101
21-08-2021,707,21,728
22-08-2021,583,8,591
23-08-2021,1085,27,1112
24-08-2021,1026,29,1055
25-08-2021,1059,24,1083
26-08-2021,1112,26,1138
27-08-2021,1129,33,1162
28-08-2021,803,16,819
29-08-2021,541,8,549
30-08-2021,1095,37,1132
31-08-2021,1180,23,1203
01-09-2021,1209,24,1233
02-09-2021,1211,43,1254
03-09-2021,1322,34,1356
04-09-2021,612,16,628
05-09-2021,640,22,662
06-09-2021,1243,34,1277
07-09-2021,1237,38,1275
08-09-2021,1342,44,1386
09-09-2021,1291,37,1328
10-09-2021,1231,48,1279
11-09-2021,860,33,893
12-09-2021,696,24,720
13-09-2021,1222,43,1265
14-09-2021,1363,35,1398
15-09-2021,1337,41,1378
16-09-2021,1458,25,1483
17-09-2021,1497,37,1534
18-09-2021,815,20,835
19-09-2021,766,15,781
20-09-2021,1379,36,1415
21-09-2021,1404,39,1443
22-09-2021,1494,35,1529
23-09-2021,1439,43,1482
24-09-2021,1486,39,1525
25-09-2021,985,28,1013
26-09-2021,821,22,843
27-09-2021,1508,37,1545
28-09-2021,1490,42,1532
29-09-2021,1277,22,1299
30-09-2021,1416,32,1448
01-10-2021,1598,38,1636
02-10-2021,1015,51,1066
03-10-2021,883,39,922
04-10-2021,906,25,931
05-10-2021,1616,37,1653
06-10-2021,1750,50,1800
07-10-2021,1772,43,1815
08-10-2021,1756,67,1823
09-10-2021,1197,39,1236
10-10-2021,841,28,869
11-10-2021,1751,49,1800
12-10-2021,1760,49,1809
13-10-2021,1767,65,1832
14-10-2021,1605,47,1652
15-10-2021,2544,98,2642
16-10-2021,2021,138,2159
17-10-2021,1665,82,1747
18-10-2021,3084,117,3201
19-10-2021,3093,84,3177
20-10-2021,3164,97,3261
21-10-2021,3276,111,3387
22-10-2021,3969,183,4152
23-10-2021,2776,207,2983
24-10-2021,2169,108,2277
25-10-2021,4294,124,4418
26-10-2021,4478,125,4603
27-10-2021,4733,150,4883
28-10-2021,4731,151,4882
29-10-2021,5218,239,5457
30-10-2021,3733,274,4007
31-10-2021,2635,161,2796
01-11-2021,5987,211,6198
02-11-2021,6570,266,6836
03-11-2021,6640,218,6858
04-11-2021,5694,158,5852
05-11-2021,6396,269,6665
06-11-2021,3867,340,4207
07-11-2021,2763,156,2919
08-11-2021,6538,210,6748
09-11-2021,7047,217,7264
10-11-2021,7006,212,7218
11-11-2021,7110,222,7332
12-11-2021,6582,258,6840
13-11-2021,3705,319,4024
14-11-2021,2496,159,2655
15-11-2021,6653,217,6870
16-11-2021,7689,264,7953
17-11-2021,7778,234,8012
18-11-2021,7816,307,8123
19-11-2021,7960,419,8379
20-11-2021,4141,448,4589
21-11-2021,2975,242,3217
22-11-2021,7606,235,7841
23-11-2021,8161,250,8411
24-11-2021,7690,253,7943
25-11-2021,7717,289,8006
26-11-2021,8032,366,8398
27-11-2021,4411,424,4835
28-11-2021,3273,207,3480
29-11-2021,8210,286,8496
30-11-2021,8643,285,8928
01-12-2021,8720,247,8967
02-12-2021,8520,254,8774
03-12-2021,9063,439,9502
04-12-2021,4765,500,5265
05-12-2021,3495,235,3730
06-12-2021,8276,317,8593
07-12-2021,8889,305,9194
08-12-2021,8726,260,8986
09-12-2021,8643,291,8934
10-12-2021,8277,475,8752
11-12-2021,4889,561,5450
12-12-2021,3774,313,4087
13-12-2021,8539,287,8826
14-12-2021,8870,265,9135
15-12-2021,8621,325,8946
16-12-2021,9187,384,9571
17-12-2021,9358,524,9882
18-12-2021,4609,417,5026
19-12-2021,2755,173,2928
20-12-2021,7440,344,7784
21-12-2021,7584,321,7905
22-12-2021,6797,307,7104
23-12-2021,5837,306,6143
24-12-2021,4369,229,4598
26-12-2021,2429,238,2667
27-12-2021,2338,226,2564
28-12-2021,2695,286,2981
29-12-2021,3606,285,3891
30-12-2021,3630,265,3895
31-12-2021,3853,142,3995
01-01-2022,1945,162,2107
02-01-2022,2312,204,2516
03-01-2022,2397,207,2604
04-01-2022,4585,235,4820
05-01-2022,4467,242,4709
06-01-2022,4555,486,5041
07-01-2022,4539,791,5330
08-01-2022,3624,1165,4789
09-01-2022,2623,317,2940
10-01-2022,4634,180,4814
11-01-2022,4630,175,4805
12-01-2022,4821,217,5038
13-01-2022,4713,213,4926
14-01-2022,4964,262,5226
15-01-2022,3193,271,3464
16-01-2022,2650,149,2799
17-01-2022,4825,208,5033
18-01-2022,4787,213,5000
19-01-2022,5238,253,5491
20-01-2022,5259,232,5491
21-01-2022,5527,331,5858
22-01-2022,3728,389,4117
23-01-2022,2919,224,3143
24-01-2022,5315,225,5540
25-01-2022,5520,294,5814
26-01-2022,2880,243,3123
27-01-2022,5924,235,6159
28-01-2022,6096,317,6413
29-01-2022,3437,307,3744
30-01-2022,3105,195,3300
31-01-2022,6360,278,6638
01-02-2022,7011,280,7291
02-02-2022,7569,298,7867
03-02-2022,7744,304,8048
04-02-2022,7829,448,8277
05-02-2022,4279,506,4785
06-02-2022,3213,261,3474
07-02-2022,7529,295,7824
08-02-2022,8013,367,8380
09-02-2022,8149,289,8438
10-02-2022,7995,377,8372
11-02-2022,8712,623,9335
12-02-2022,4757,1442,6199
13-02-2022,3325,279,3604
14-02-2022,8164,329,8493
15-02-2022,8380,296,8676
16-02-2022,8130,288,8418
17-02-2022,8514,350,8864
18-02-2022,8908,452,9360
19-02-2022,4984,497,5481
20-02-2022,3527,276,3803
21-02-2022,8470,305,8775
22-02-2022,8889,308,9197
23-02-2022,9130,336,9466
24-02-2022,8950,306,9256
25-02-2022,8847,368,9215
26-02-2022,5406,668,6074
27-02-2022,4080,383,4463
28-02-2022,8784,283,9067
01-03-2022,9255,343,9598
02-03-2022,8910,272,9182
03-03-2022,9609,280,9889
04-03-2022,9858,469,10327
05-03-2022,4630,471,5101
06-03-2022,3617,222,3839
07-03-2022,9089,289,9378
08-03-2022,9408,280,9688
09-03-2022,10156,336,10492
10-03-2022,9927,315,10242
11-03-2022,10088,578,10666
12-03-2022,5252,643,5895
13-03-2022,4117,427,4544
14-03-2022,3854,238,4092
15-03-2022,10229,335,10564
16-03-2022,10492,366,10858
17-03-2022,10647,380,11027
18-03-2022,10539,494,11033
19-03-2022,5352,807,6159
20-03-2022,3700,292,3992
21-03-2022,10032,278,10310
22-03-2022,10463,319,10782
23-03-2022,10591,363,10954
24-03-2022,10251,387,10638
25-03-2022,10604,485,11089
26-03-2022,5216,498,5714
27-03-2022,3504,215,3719
28-03-2022,9759,289,10048
29-03-2022,10660,379,11039
30-03-2022,10819,387,11206
31-03-2022,10559,370,10929
01-04-2022,10337,466,10803
02-04-2022,5044,450,5494
03-04-2022,3923,307,4230
04-04-2022,9947,333,10280
05-04-2022,10564,391,10955
06-04-2022,10434,368,10802
07-04-2022,9468,310,9778
08-04-2022,9737,426,10163
09-04-2022,5090,607,5697
10-04-2022,4011,359,4370
11-04-2022,8842,451,9293
12-04-2022,9662,471,10133
13-04-2022,9344,479,9823
14-04-2022,8972,587,9559
15-04-2022,2911,452,3363
16-04-2022,4536,537,5073
17-04-2022,3452,474,3926
18-04-2022,3453,338,3791
19-04-2022,8559,384,8943
20-04-2022,9037,564,9601
21-04-2022,9061,532,9593
22-04-2022,8916,597,9513
23-04-2022,4980,633,5613
24-04-2022,4929,1299,6228
25-04-2022,3377,346,3723
26-04-2022,10890,424,11314
27-04-2022,10928,327,11255
28-04-2022,10846,375,11221
29-04-2022,11088,512,11600
30-04-2022,5560,491,6051
01-05-2022,4080,368,4448
02-05-2022,10202,378,10580
03-05-2022,11114,325,11439
04-05-2022,10946,317,11263
05-05-2022,11087,360,11447
06-05-2022,10901,471,11372
07-05-2022,5249,502,5751
08-05-2022,3890,336,4226
09-05-2022,10499,334,10833
10-05-2022,11071,332,11403
11-05-2022,11023,356,11379
12-05-2022,9510,312,9822
13-05-2022,10731,546,11277
14-05-2022,5297,532,5829
15-05-2022,3528,251,3779
16-05-2022,10062,322,10384
17-05-2022,11308,377,11685
18-05-2022,10903,360,11263
19-05-2022,11186,430,11616
20-05-2022,10251,474,10725
21-05-2022,5443,493,5936
22-05-2022,3436,260,3696
23-05-2022,10409,361,10770
24-05-2022,11323,352,11675
25-05-2022,11199,332,11531
26-05-2022,11539,360,11899
27-05-2022,10687,538,11225
28-05-2022,4843,452,5295
29-05-2022,4076,350,4426
30-05-2022,2877,152,3029
31-05-2022,9844,267,10111
01-06-2022,10616,323,10939
02-06-2022,10683,356,11039
03-06-2022,10460,458,10918
04-06-2022,4720,375,5095
05-06-2022,3317,201,3518
06-06-2022,9751,328,10079
07-06-2022,10397,274,10671
08-06-2022,10696,352,11048
09-06-2022,10443,337,10780
10-06-2022,10149,520,10669
11-06-2022,4706,569,5275
12-06-2022,3995,453,4448
13-06-2022,3412,277,3689
14-06-2022,10492,350,10842
15-06-2022,10850,322,11172
16-06-2022,10495,331,10826
17-06-2022,10818,470,11288
18-06-2022,5183,516,5699
19-06-2022,3845,273,4118
20-06-2022,10128,377,10505
21-06-2022,10418,323,10741
22-06-2022,10828,376,11204
23-06-2022,10558,393,10951
24-06-2022,9547,518,10065
25-06-2022,5310,548,5858
26-06-2022,4089,285,4374
27-06-2022,9797,369,10166
28-06-2022,10428,425,10853
29-06-2022,10205,399,10604
30-06-2022,10083,424,10507
01-07-2022,8823,468,9291
02-07-2022,4707,465,5172
03-07-2022,3633,333,3966
04-07-2022,8910,470,9380
05-07-2022,9594,559,10153
06-07-2022,9584,498,10082
07-07-2022,9407,552,9959
08-07-2022,9279,596,9875
09-07-2022,5375,683,6058
10-07-2022,3888,324,4212
11-07-2022,8858,426,9284
12-07-2022,9656,411,10067
13-07-2022,9601,483,10084
14-07-2022,9592,573,10165
15-07-2022,9483,633,10116
16-07-2022,5048,497,5545
17-07-2022,3908,314,4222
18-07-2022,9793,378,10171
19-07-2022,10511,360,10871
20-07-2022,10469,390,10859
21-07-2022,9600,343,9943
22-07-2022,10186,536,10722
23-07-2022,5598,575,6173
24-07-2022,4413,394,4807
25-07-2022,10472,396,10868
26-07-2022,10896,443,11339
27-07-2022,9402,395,9797
28-07-2022,10751,437,11188
29-07-2022,10519,549,11068
30-07-2022,6119,638,6757
31-07-2022,4257,260,4517
01-08-2022,10156,340,10496
02-08-2022,11099,334,11433
03-08-2022,10601,387,10988
04-08-2022,7800,268,8068
05-08-2022,10784,559,11343
06-08-2022,5390,544,5934
07-08-2022,4444,307,4751
08-08-2022,10259,384,10643
09-08-2022,11331,398,11729
10-08-2022,11331,409,11740
11-08-2022,10715,371,11086
12-08-2022,10333,461,10794
13-08-2022,5632,505,6137
14-08-2022,4060,281,4341
15-08-2022,10679,337,11016
16-08-2022,11023,386,11409
17-08-2022,11433,396,11829
18-08-2022,10826,505,11331
19-08-2022,11123,494,11617
20-08-2022,5765,624,6389
21-08-2022,4298,278,4576
22-08-2022,10488,349,10837
23-08-2022,10390,313,10703
24-08-2022,11375,370,11745
25-08-2022,11463,414,11877
26-08-2022,11242,608,11850
27-08-2022,6213,682,6895
28-08-2022,4523,368,4891
29-08-2022,9859,330,10189
30-08-2022,11221,345,11566
31-08-2022,10802,388,11190
01-09-2022,11490,394,11884
02-09-2022,11299,504,11803
03-09-2022,5942,539,6481
04-09-2022,4410,327,4737
05-09-2022,10835,391,11226
06-09-2022,11258,390,11648
07-09-2022,11517,409,11926
08-09-2022,10857,396,11253
09-09-2022,6369,486,6855
10-09-2022,6585,674,7259
11-09-2022,4803,366,5169
12-09-2022,10768,351,11119
13-09-2022,11665,375,12040
14-09-2022,11551,391,11942
15-09-2022,10619,392,11011
16-09-2022,11324,578,11902
17-09-2022,5918,675,6593
18-09-2022,4438,372,4810
19-09-2022,11310,483,11793
20-09-2022,12309,572,12881
21-09-2022,11945,497,12442
22-09-2022,4828,477,5305
23-09-2022,10879,726,11605
24-09-2022,6009,773,6782
25-09-2022,5151,497,5648
26-09-2022,10481,643,11124
27-09-2022,10343,550,10893
28-09-2022,10803,614,11417
29-09-2022,11003,691,11694
30-09-2022,10766,821,11587
01-10-2022,6201,965,7166
02-10-2022,5200,674,5874
03-10-2022,4492,503,4995
04-10-2022,10975,637,11612
05-10-2022,9458,395,9853
06-10-2022,9718,547,10265
07-10-2022,9600,554,10154
08-10-2022,5658,669,6327
09-10-2022,4452,335,4787
10-10-2022,11580,481,12061
11-10-2022,12255,439,12694
12-10-2022,12345,545,12890
13-10-2022,11878,570,12448
14-10-2022,11268,664,11932
15-10-2022,6264,708,6972
16-10-2022,4833,441,5274
17-10-2022,11477,409,11886
18-10-2022,12165,412,12577
19-10-2022,12381,407,12788
20-10-2022,12065,512,12577
21-10-2022,11390,546,11936
22-10-2022,4892,499,5391
23-10-2022,4658,335,4993
24-10-2022,11041,377,11418
25-10-2022,12006,413,12419
26-10-2022,11924,388,12312
27-10-2022,11988,449,12437
28-10-2022,11421,614,12035
29-10-2022,6915,587,7502
30-10-2022,4807,387,5194
31-10-2022,9524,354,9878
01-11-2022,10874,405,11279
02-11-2022,11684,428,12112
03-11-2022,11514,431,11945
04-11-2022,11552,549,12101
05-11-2022,6314,566,6880
06-11-2022,4819,369,5188
07-11-2022,10966,383,11349
08-11-2022,12116,431,12547
09-11-2022,12246,435,12681
10-11-2022,12048,475,12523
11-11-2022,11891,600,12491
12-11-2022,6291,635,6926
13-11-2022,3727,272,3999
14-11-2022,11170,351,11521
15-11-2022,12306,496,12802
16-11-2022,11919,474,12393
17-11-2022,12373,544,12917
18-11-2022,11725,743,12468
19-11-2022,6338,648,6986
20-11-2022,4731,374,5105
21-11-2022,11011,497,11508
22-11-2022,11986,457,12443
23-11-2022,12111,459,12570
24-11-2022,12223,475,12698
25-11-2022,11582,926,12508
26-11-2022,7609,2867,10476
27-11-2022,4988,410,5398
28-11-2022,11235,539,11774
29-11-2022,12252,494,12746
30-11-2022,12046,565,12611
01-12-2022,11933,550,12483
02-12-2022,12176,783,12959
03-12-2022,6545,636,7181
04-12-2022,4623,420,5043
05-12-2022,11279,520,11799
06-12-2022,12315,534,12849
07-12-2022,12380,581,12961
08-12-2022,12408,554,12962
09-12-2022,12117,741,12858
10-12-2022,6899,708,7607
11-12-2022,5309,460,5769
12-12-2022,9481,417,9898
13-12-2022,11889,542,12431
14-12-2022,11552,527,12079
15-12-2022,11738,588,12326
16-12-2022,11529,746,12275
17-12-2022,6484,622,7106
18-12-2022,4696,378,5074
19-12-2022,9618,539,10157
20-12-2022,10113,575,10688
21-12-2022,9707,526,10233
22-12-2022,8354,464,8818
23-12-2022,8260,596,8856
24-12-2022,4353,337,4690
25-12-2022,1169,53,1222
